Webots Project File version R2023a
perspectives: 000000ff00000000fd00000002000000010000048500000431fc0200000001fb0000001400540065007800740045006400690074006f00720000000016000004310000008900ffffff000000030000073800000074fc0100000001fc00000000000007380000006900fffffffa000000000100000002fb0000001a0043006f006e0073006f006c00650041006c006c0041006c006c0100000000ffffffff0000006900fffffffb0000001a0043006f006e0073006f006c00650041006c006c0041006c006c0100000000ffffffff0000000000000000000007380000035600000001000000020000000100000008fc00000000
simulationViewPerspectives: 000000ff00000001000000020000019a0000059c0100000002010000000100
sceneTreePerspectives: 000000ff00000001000000030000001c0000014f000002210100000002010000000200
minimizedPerspectives: 000000ff00000000fd00000002000000010000048500000431fc0200000001fb0000001400540065007800740045006400690074006f00720000000016000004310000008900ffffff0000000300000738000003ccfc0100000001fc00000000000007380000000000fffffffa000000010100000002fb0000001a0043006f006e0073006f006c00650041006c006c0041006c006c03000000480000006c00000738000003ccfb0000001a0043006f006e0073006f006c00650041006c006c0041006c006c0100000000ffffffff000000000000000000000738000003cc00000001000000020000000100000008fc00000000
maximizedDockId: -1
centralWidgetVisible: 1
orthographicViewHeight: 1
textFiles: 0 "scripts/ros_python.py" "scripts/ros_controller.py"
globalOptionalRendering: LidarPointClouds::LidarRaysPaths
consoles: Console:All:All
renderingDevicePerspectives: Rosbot:camera depth;1;0.895833;0;0
renderingDevicePerspectives: Rosbot:camera rgb;1;0.895833;0;0
